1612097564789 25.421600305672847 0
1612097606063 4.745950355674282 1
1612097645145 4.564807989380577 2
1612097684331 4.36355251976938 3
1612097723334 3.9917372754125884 4
1612097762254 4.073303703105811 5
1612097801069 3.9806449702291777 6
1612097839920 3.8968341169935283 7
1612097878988 3.8672558827833696 8
1612097918237 3.8517814513408775 9
1612097955244 3.8279502897551567 10
1612097990336 3.7982474276513765 11
1612098025414 3.776380990490769 12
1612098061581 3.770980943333019 13
1612098099066 3.7602535955833667 14
1612098136666 3.74938504262404 15
1612098174222 3.7492356191981924 16
1612098214992 3.741079005328092 17
1612098260541 3.7396041552225747 18
1612098306680 3.737749406785676 19
1612098353667 3.7357735308733853 20
1612098400619 3.7352713346481323 21
1612098447045 3.733906641150966 22
1612098494100 3.7332034183271006 23
1612098538808 3.7325290911125415 24
1612098584147 3.73236083984375 25
1612098626925 3.7320658221389307 26
1612098671871 3.731743321274266 27
1612098717786 3.731518127701499 28
1612098763221 3.7313817558866558 29
