1612101416338 7.372113899751143 0
1612101460057 3.584548390272892 1
1612101501014 3.4839976700869473 2
1612101544424 3.4391742944717407 3
1612101588392 3.4046016750913677 4
1612101631607 3.3820047812028364 5
1612101673515 3.3650030078309956 6
1612101717145 3.351715958479679 7
1612101759361 3.341271162033081 8
1612101801995 3.3346731626626216 9
1612101845200 3.32789362560619 10
1612101888893 3.3236711458726362 11
1612101930203 3.3207093224380957 12
1612101970852 3.318920377529029 13
1612102015240 3.3170921405156455 14
1612102059720 3.3155284469777886 15
1612102101390 3.3145164504195703 16
1612102145216 3.3137570258342857 17
1612102187058 3.313176581353852 18
1612102229885 3.312681790554162 19
1612102271906 3.3123333887620405 20
1612102312866 3.3120595505743315 21
1612102356768 3.31185033827117 22
1612102400058 3.311712712952585 23
1612102442109 3.311603661739465 24
1612102485012 3.311528195034374 25
1612102529464 3.311476328156211 26
1612102572217 3.311438546036229 27
1612102614234 3.3114121465971977 28
1612102654119 3.311393607746471 29
