1612100115402 4.878507794755878 0
1612100159631 3.5141102292320947 1
1612100204179 3.4285212393962974 2
1612100244245 3.3961464311137344 3
1612100286598 3.376959443092346 4
1612100329105 3.3641507228215537 5
1612100373446 3.3534542286034785 6
1612100416545 3.346210085984432 7
1612100461073 3.340943618254228 8
1612100505251 3.3372720118724937 9
1612100549624 3.3346691131591797 10
1612100593607 3.3328720439564097 11
1612100637444 3.3316239443692295 12
1612100681119 3.33076490055431 13
1612100723547 3.3301659497347744 14
1612100767264 3.32971360466697 15
1612100811503 3.3293547666434087 16
1612100855384 3.329074902967973 17
1612100899666 3.32886359908364 18
1612100943462 3.3287081718444824 19
1612100986672 3.3285956382751465 20
1612101030231 3.3285151900667134 21
1612101073414 3.328457915421688 22
1612101115284 3.3284174492864897 23
1612101158561 3.3283889185298574 24
1612101202064 3.328368826345964 25
1612101244265 3.328354680176937 26
1612101286933 3.3283448399919453 27
1612101328869 3.3283378391554863 28
1612101372842 3.3283330021482525 29
