1612096539360 4.688667943983367 0
1612096571308 3.4984950513550728 1
1612096604980 3.4356349923393945 2
1612096641272 3.409958178346807 3
1612096677202 3.393934878436002 4
1612096710540 3.3833779819083936 5
1612096743706 3.376260938066425 6
1612096776534 3.371492017399181 7
1612096809558 3.3684029976526895 8
1612096842406 3.3664793715332495 9
1612096875210 3.3652659943609526 10
1612096908096 3.364435708884037 11
1612096942214 3.3638439720327202 12
1612096975059 3.3634175315047754 13
1612097008139 3.3630839550133906 14
1612097041122 3.3628087693994697 15
1612097074145 3.362587585593715 16
1612097107238 3.362417448650707 17
1612097140396 3.36229069666429 18
1612097173716 3.3621982697284585 19
1612097206980 3.362131776231708 20
1612097240280 3.362084377895702 21
1612097273398 3.362050706690008 22
1612097306561 3.362026991266193 23
1612097339677 3.362010218880393 24
1612097376156 3.361998464121963 25
1612097412582 3.361990209781762 26
1612097449436 3.361984451611837 27
1612097486262 3.3619803659843677 28
1612097523430 3.3619775157986265 29
