1612098805326 4.916420149080681 0
1612098849476 3.4840630365140512 1
1612098893487 3.4105086832335503 2
1612098937478 3.3826285311670015 3
1612098981640 3.363922838008765 4
1612099026526 3.351643598440922 5
1612099070647 3.343054619702426 6
1612099112799 3.3367629195704605 7
1612099156902 3.332324985301856 8
1612099201085 3.3293212435462256 9
1612099244609 3.3273110281337392 10
1612099287424 3.325918486624053 11
1612099330123 3.3249258344823662 12
1612099369998 3.324230107394132 13
1612099413986 3.323730645757733 14
1612099458311 3.3233385302803735 15
1612099498732 3.323020187291232 16
1612099542623 3.322769435969266 17
1612099587147 3.322579351338473 18
1612099631133 3.322439042004672 19
1612099675436 3.322337345643477 20
1612099719439 3.322264425682299 21
1612099763633 3.3222125551917334 22
1612099807656 3.322175813443733 23
1612099852164 3.322149977539525 24
1612099896460 3.3221317782546533 25
1612099939368 3.3221189470002144 26
1612099982382 3.322109973791874 27
1612100028693 3.322103637637514 28
1612100070192 3.322099288304647 29
